# wavelength [m] c_mean [m/s] c_low [m/s] c_up [m/s]
6.3586666667e+00 2.4951428571e+02 1.8842711838e+02 3.9251290048e+02
6.3625000000e+00 2.5764285714e+02 1.9582078784e+02 4.0071577209e+02
6.3698717949e+00 2.6098571429e+02 1.9843382365e+02 4.0648148261e+02
6.4649350649e+00 2.5960000000e+02 1.9621610112e+02 4.0952236731e+02
6.4702702703e+00 2.5465714286e+02 1.9059279452e+02 4.1239162657e+02
6.6500000000e+00 2.5828571429e+02 1.9035516263e+02 4.3641629838e+02
7.0062500000e+00 2.5761428571e+02 1.8768137815e+02 4.4154384128e+02
7.0884615385e+00 2.4862857143e+02 1.8016350967e+02 4.2634679897e+02
7.0953125000e+00 2.3428571429e+02 1.6999191162e+02 3.9824940335e+02
7.1174603175e+00 2.4525714286e+02 1.7807989953e+02 4.2280241042e+02
7.2119718310e+00 2.6251428571e+02 1.8969503593e+02 4.5575434878e+02
7.2607142857e+00 2.6085714286e+02 1.8784091722e+02 4.5563638643e+02
7.3395161290e+00 2.5728571429e+02 1.8418353978e+02 4.5433311805e+02
7.5036231884e+00 2.5235714286e+02 1.7960202998e+02 4.5547835487e+02
7.6622950820e+00 2.6318571429e+02 1.8603294975e+02 4.8181322293e+02
7.6698529412e+00 2.6400000000e+02 1.8626001031e+02 4.8735520310e+02
7.7134328358e+00 2.7765714286e+02 1.9569839896e+02 5.1507018726e+02
7.9166666667e+00 2.6767142857e+02 1.8784747023e+02 5.0259993091e+02
8.0433333333e+00 2.6128571429e+02 1.8130099685e+02 5.0544830266e+02
8.5338983051e+00 2.6422857143e+02 1.7991090319e+02 5.4385358405e+02
9.1396551724e+00 2.7505714286e+02 1.8425234020e+02 5.9216875571e+02
9.3642857143e+00 2.7852857143e+02 1.8390324996e+02 6.2351253558e+02
9.7418181818e+00 2.8405714286e+02 1.8599281307e+02 6.5164200817e+02
9.7833333333e+00 2.8810000000e+02 1.8771850763e+02 6.7698846631e+02
9.9574074074e+00 2.8878571429e+02 1.8698138571e+02 6.9366531676e+02
1.0252830189e+01 2.7918571429e+02 1.7981598722e+02 6.8807910623e+02
1.0279000000e+01 2.7855714286e+02 1.7807664939e+02 7.0230476046e+02
1.0580392157e+01 2.7812857143e+02 1.7655303214e+02 7.2264459675e+02
1.0857142857e+01 2.8437142857e+02 1.7828482237e+02 7.7431513693e+02
1.1103125000e+01 2.6892857143e+02 1.6744396278e+02 7.6439175748e+02
1.1333720930e+01 2.8118571429e+02 1.7390910641e+02 8.2417306408e+02
1.1473076923e+01 2.8451428571e+02 1.7512566759e+02 8.5918265750e+02
1.1702272727e+01 2.9097142857e+02 1.7848380664e+02 9.5689324375e+02
1.1703191489e+01 2.8238571429e+02 1.7110984928e+02 7.2945964836e+02
1.2603333333e+01 2.9144285714e+02 1.7403282611e+02 5.1474825398e+02
1.2804347826e+01 3.1471428571e+02 1.8488455044e+02 2.3237998694e+02
